600.0	-0.0012
599.0	-0.0012
598.0	-0.0012
597.0	-0.0012
596.0	-0.0012
595.0	-0.0012
594.0	-0.0012
593.0	-0.0012
592.0	-0.0012
591.0	-0.0012
590.0	-0.0012
589.0	-0.0012
588.0	-0.0012
587.0	-0.0010
586.0	-0.0010
585.0	-0.0013
584.0	-0.0012
583.0	-0.0012
582.0	-0.0012
581.0	-0.0010
580.0	-0.0010
579.0	-0.0010
578.0	-0.0010
577.0	-0.0010
576.0	-0.0010
575.0	-0.0010
574.0	-0.0009
573.0	-0.0007
572.0	-0.0007
571.0	-0.0007
570.0	-0.0007
569.0	-0.0005
568.0	-0.0004
567.0	-0.0004
566.0	-0.0003
565.0	0.0000
564.0	0.0003
563.0	0.0005
562.0	0.0007
561.0	0.0010
560.0	0.0015
559.0	0.0020
558.0	0.0026
557.0	0.0032
556.0	0.0038
555.0	0.0048
554.0	0.0061
553.0	0.0073
552.0	0.0087
551.0	0.0103
550.0	0.0124
549.0	0.0147
548.0	0.0173
547.0	0.0203
546.0	0.0237
545.0	0.0272
544.0	0.0313
543.0	0.0360
542.0	0.0412
541.0	0.0471
540.0	0.0533
539.0	0.0598
538.0	0.0668
537.0	0.0740
536.0	0.0815
535.0	0.0891
534.0	0.0970
533.0	0.1049
532.0	0.1128
531.0	0.1206
530.0	0.1281
529.0	0.1351
528.0	0.1413
527.0	0.1468
526.0	0.1511
525.0	0.1548
524.0	0.1578
523.0	0.1600
522.0	0.1609
521.0	0.1609
520.0	0.1603
519.0	0.1588
518.0	0.1565
517.0	0.1537
516.0	0.1504
515.0	0.1464
514.0	0.1421
513.0	0.1376
512.0	0.1327
511.0	0.1275
510.0	0.1224
509.0	0.1172
508.0	0.1123
507.0	0.1073
506.0	0.1029
505.0	0.0988
504.0	0.0947
503.0	0.0910
502.0	0.0873
501.0	0.0841
500.0	0.0811
499.0	0.0786
498.0	0.0764
497.0	0.0743
496.0	0.0723
495.0	0.0705
494.0	0.0688
493.0	0.0671
492.0	0.0655
491.0	0.0640
490.0	0.0625
489.0	0.0608
488.0	0.0591
487.0	0.0574
486.0	0.0556
485.0	0.0538
484.0	0.0520
483.0	0.0499
482.0	0.0480
481.0	0.0460
480.0	0.0439
479.0	0.0419
478.0	0.0400
477.0	0.0380
476.0	0.0361
475.0	0.0342
474.0	0.0324
473.0	0.0305
472.0	0.0287
471.0	0.0270
470.0	0.0253
469.0	0.0237
468.0	0.0224
467.0	0.0212
466.0	0.0200
465.0	0.0190
464.0	0.0179
463.0	0.0167
462.0	0.0157
461.0	0.0150
460.0	0.0141
459.0	0.0135
458.0	0.0128
457.0	0.0122
456.0	0.0115
455.0	0.0109
454.0	0.0102
453.0	0.0097
452.0	0.0091
451.0	0.0085
450.0	0.0079
449.0	0.0075
448.0	0.0070
447.0	0.0066
446.0	0.0063
445.0	0.0058
444.0	0.0051
443.0	0.0048
442.0	0.0045
441.0	0.0041
440.0	0.0038
439.0	0.0036
438.0	0.0035
437.0	0.0032
436.0	0.0029
435.0	0.0024
434.0	0.0021
433.0	0.0020
432.0	0.0020
431.0	0.0018
430.0	0.0017
429.0	0.0015
428.0	0.0013
427.0	0.0012
426.0	0.0012
425.0	0.0010
424.0	0.0009
423.0	0.0007
422.0	0.0007
421.0	0.0009
420.0	0.0009
419.0	0.0007
418.0	0.0005
417.0	0.0005
416.0	0.0005
415.0	0.0005
414.0	0.0005
413.0	0.0005
412.0	0.0005
411.0	0.0005
410.0	0.0007
409.0	0.0007
408.0	0.0007
407.0	0.0007
406.0	0.0009
405.0	0.0009
404.0	0.0009
403.0	0.0007
402.0	0.0009
401.0	0.0010
400.0	0.0010
399.0	0.0010
398.0	0.0010
397.0	0.0010
396.0	0.0010
395.0	0.0010
394.0	0.0012
393.0	0.0015
392.0	0.0015
391.0	0.0014
390.0	0.0014
389.0	0.0014
388.0	0.0014
387.0	0.0014
386.0	0.0014
385.0	0.0013
384.0	0.0012
383.0	0.0010
382.0	0.0012
381.0	-0.0022
380.0	-0.0092
379.0	-0.0133
378.0	-0.0137
377.0	-0.0136
376.0	-0.0132
375.0	-0.0133
374.0	-0.0133
373.0	-0.0132
372.0	-0.0132
371.0	-0.0089
370.0	-0.0001
369.0	0.0046
368.0	0.0049
367.0	0.0051
366.0	0.0058
365.0	0.0066
364.0	0.0074
363.0	0.0082
362.0	0.0089
361.0	0.0097
360.0	0.0106
359.0	0.0117
358.0	0.0127
357.0	0.0138
356.0	0.0149
355.0	0.0157
354.0	0.0167
353.0	0.0179
352.0	0.0189
351.0	0.0194
350.0	0.0197
349.0	0.0200
348.0	0.0201
347.0	0.0197
346.0	0.0194
345.0	0.0189
344.0	0.0180
343.0	0.0169
342.0	0.0159
341.0	0.0150
340.0	0.0140
339.0	0.0132
338.0	0.0126
337.0	0.0117
336.0	0.0109
335.0	0.0102
334.0	0.0095
333.0	0.0091
332.0	0.0086
331.0	0.0079
330.0	0.0073
329.0	0.0067
328.0	0.0063
327.0	0.0056
326.0	0.0050
325.0	0.0046
324.0	0.0041
323.0	0.0038
322.0	0.0035
321.0	0.0032
320.0	0.0030
319.0	0.0030
318.0	0.0031
317.0	0.0030
316.0	0.0030
315.0	0.0032
314.0	0.0035
313.0	0.0038
312.0	0.0041
311.0	0.0047
310.0	0.0052
309.0	0.0060
308.0	0.0070
307.0	0.0080
306.0	0.0093
305.0	0.0107
304.0	0.0122
303.0	0.0139
302.0	0.0156
301.0	0.0171
300.0	0.0187
299.0	0.0201
298.0	0.0213
297.0	0.0225
296.0	0.0237
295.0	0.0247
294.0	0.0251
293.0	0.0253
292.0	0.0255
291.0	0.0257
290.0	0.0257
289.0	0.0257
288.0	0.0257
287.0	0.0257
286.0	0.0258
285.0	0.0260
284.0	0.0265
283.0	0.0267
282.0	0.0267
281.0	0.0268
280.0	0.0268
279.0	0.0269
278.0	0.0271
277.0	0.0272
276.0	0.0272
275.0	0.0271
274.0	0.0270
273.0	0.0269
272.0	0.0267
271.0	0.0265
270.0	0.0261
269.0	0.0255
268.0	0.0249
267.0	0.0245
266.0	0.0243
265.0	0.0241
264.0	0.0241
263.0	0.0244
262.0	0.0249
261.0	0.0257
260.0	0.0271
259.0	0.0290
258.0	0.0314
257.0	0.0345
256.0	0.0384
255.0	0.0432
254.0	0.0490
253.0	0.0556
252.0	0.0624
251.0	0.0693
250.0	0.0759
249.0	0.0818
248.0	0.0869
247.0	0.0917
246.0	0.0964
245.0	0.1013
244.0	0.1071
243.0	0.1149
242.0	0.1256
241.0	0.1409
240.0	0.1624
239.0	0.1931
238.0	0.2360
237.0	0.2953
236.0	0.3781
235.0	0.4908
234.0	0.6421
233.0	0.8444
232.0	1.1101
231.0	1.4486
230.0	1.8477
229.0	2.2518
228.0	2.4949
227.0	2.5686
226.0	2.5686
225.0	2.5376
224.0	2.4949
223.0	2.4318
222.0	2.3565
221.0	2.2518
220.0	2.1079
219.0	1.9136
218.0	1.6737
217.0	1.3716
216.0	1.0191
215.0	0.6523
214.0	0.3427
213.0	0.1452
212.0	0.0528
211.0	0.0232
210.0	0.0143
209.0	0.0052
208.0	-0.0012
207.0	0.0012
206.0	0.0056
205.0	0.0041
204.0	0.0014
203.0	0.0030
202.0	0.0004
201.0	-0.0062
200.0	-0.0084
