600.0	0.0017
599.0	0.0017
598.0	0.0017
597.0	0.0018
596.0	0.0020
595.0	0.0020
594.0	0.0020
593.0	0.0020
592.0	0.0018
591.0	0.0017
590.0	0.0017
589.0	0.0017
588.0	0.0017
587.0	0.0017
586.0	0.0017
585.0	0.0017
584.0	0.0017
583.0	0.0017
582.0	0.0017
581.0	0.0018
580.0	0.0019
579.0	0.0019
578.0	0.0018
577.0	0.0018
576.0	0.0020
575.0	0.0020
574.0	0.0020
573.0	0.0020
572.0	0.0020
571.0	0.0020
570.0	0.0020
569.0	0.0020
568.0	0.0020
567.0	0.0020
566.0	0.0022
565.0	0.0024
564.0	0.0027
563.0	0.0029
562.0	0.0030
561.0	0.0032
560.0	0.0035
559.0	0.0036
558.0	0.0038
557.0	0.0041
556.0	0.0046
555.0	0.0049
554.0	0.0055
553.0	0.0063
552.0	0.0070
551.0	0.0078
550.0	0.0088
549.0	0.0097
548.0	0.0109
547.0	0.0122
546.0	0.0138
545.0	0.0154
544.0	0.0173
543.0	0.0194
542.0	0.0215
541.0	0.0237
540.0	0.0262
539.0	0.0287
538.0	0.0314
537.0	0.0340
536.0	0.0368
535.0	0.0396
534.0	0.0423
533.0	0.0450
532.0	0.0474
531.0	0.0498
530.0	0.0521
529.0	0.0540
528.0	0.0556
527.0	0.0568
526.0	0.0576
525.0	0.0580
524.0	0.0581
523.0	0.0580
522.0	0.0572
521.0	0.0564
520.0	0.0555
519.0	0.0541
518.0	0.0526
517.0	0.0508
516.0	0.0488
515.0	0.0470
514.0	0.0452
513.0	0.0432
512.0	0.0411
511.0	0.0391
510.0	0.0372
509.0	0.0353
508.0	0.0337
507.0	0.0322
506.0	0.0308
505.0	0.0295
504.0	0.0285
503.0	0.0276
502.0	0.0267
501.0	0.0259
500.0	0.0252
499.0	0.0247
498.0	0.0241
497.0	0.0237
496.0	0.0234
495.0	0.0230
494.0	0.0226
493.0	0.0223
492.0	0.0221
491.0	0.0216
490.0	0.0212
489.0	0.0209
488.0	0.0204
487.0	0.0200
486.0	0.0194
485.0	0.0189
484.0	0.0183
483.0	0.0176
482.0	0.0169
481.0	0.0162
480.0	0.0156
479.0	0.0148
478.0	0.0141
477.0	0.0137
476.0	0.0129
475.0	0.0124
474.0	0.0119
473.0	0.0114
472.0	0.0109
471.0	0.0104
470.0	0.0100
469.0	0.0095
468.0	0.0093
467.0	0.0090
466.0	0.0086
465.0	0.0082
464.0	0.0079
463.0	0.0078
462.0	0.0078
461.0	0.0076
460.0	0.0073
459.0	0.0070
458.0	0.0067
457.0	0.0066
456.0	0.0064
455.0	0.0064
454.0	0.0061
453.0	0.0059
452.0	0.0056
451.0	0.0055
450.0	0.0051
449.0	0.0049
448.0	0.0049
447.0	0.0049
446.0	0.0047
445.0	0.0045
444.0	0.0044
443.0	0.0041
442.0	0.0038
441.0	0.0037
440.0	0.0037
439.0	0.0036
438.0	0.0035
437.0	0.0035
436.0	0.0035
435.0	0.0033
434.0	0.0032
433.0	0.0032
432.0	0.0032
431.0	0.0032
430.0	0.0030
429.0	0.0029
428.0	0.0027
427.0	0.0027
426.0	0.0026
425.0	0.0024
424.0	0.0024
423.0	0.0024
422.0	0.0024
421.0	0.0021
420.0	0.0021
419.0	0.0022
418.0	0.0021
417.0	0.0020
416.0	0.0020
415.0	0.0020
414.0	0.0020
413.0	0.0020
412.0	0.0020
411.0	0.0020
410.0	0.0020
409.0	0.0020
408.0	0.0020
407.0	0.0020
406.0	0.0020
405.0	0.0019
404.0	0.0020
403.0	0.0020
402.0	0.0018
401.0	0.0016
400.0	0.0017
399.0	0.0017
398.0	0.0016
397.0	0.0016
396.0	0.0016
395.0	0.0015
394.0	0.0015
393.0	0.0015
392.0	0.0015
391.0	0.0015
390.0	0.0015
389.0	0.0014
388.0	0.0014
387.0	0.0013
386.0	0.0012
385.0	0.0012
384.0	0.0010
383.0	0.0010
382.0	0.0010
381.0	-0.0012
380.0	-0.0055
379.0	-0.0078
378.0	-0.0076
377.0	-0.0072
376.0	-0.0069
375.0	-0.0069
374.0	-0.0071
373.0	-0.0069
372.0	-0.0067
371.0	-0.0048
370.0	-0.0012
369.0	0.0005
368.0	0.0005
367.0	0.0003
366.0	0.0002
365.0	0.0001
364.0	0.0000
363.0	0.0000
362.0	0.0000
361.0	-0.0001
360.0	-0.0001
359.0	-0.0001
358.0	0.0000
357.0	0.0003
356.0	0.0004
355.0	0.0004
354.0	0.0007
353.0	0.0007
352.0	0.0007
351.0	0.0010
350.0	0.0014
349.0	0.0015
348.0	0.0015
347.0	0.0015
346.0	0.0013
345.0	0.0009
344.0	0.0004
343.0	-0.0001
342.0	-0.0007
341.0	-0.0013
340.0	-0.0019
339.0	-0.0024
338.0	-0.0027
337.0	-0.0032
336.0	-0.0036
335.0	-0.0040
334.0	-0.0042
333.0	-0.0045
332.0	-0.0048
331.0	-0.0048
330.0	-0.0048
329.0	-0.0050
328.0	-0.0051
327.0	-0.0051
326.0	-0.0051
325.0	-0.0051
324.0	-0.0050
323.0	-0.0045
322.0	-0.0039
321.0	-0.0033
320.0	-0.0026
319.0	-0.0019
318.0	-0.0010
317.0	-0.0001
316.0	0.0010
315.0	0.0020
314.0	0.0027
313.0	0.0037
312.0	0.0048
311.0	0.0056
310.0	0.0067
309.0	0.0078
308.0	0.0087
307.0	0.0095
306.0	0.0106
305.0	0.0117
304.0	0.0126
303.0	0.0135
302.0	0.0141
301.0	0.0150
300.0	0.0157
299.0	0.0164
298.0	0.0171
297.0	0.0176
296.0	0.0181
295.0	0.0185
294.0	0.0190
293.0	0.0192
292.0	0.0194
291.0	0.0199
290.0	0.0204
289.0	0.0211
288.0	0.0217
287.0	0.0224
286.0	0.0232
285.0	0.0241
284.0	0.0252
283.0	0.0262
282.0	0.0272
281.0	0.0284
280.0	0.0296
279.0	0.0308
278.0	0.0319
277.0	0.0334
276.0	0.0348
275.0	0.0361
274.0	0.0374
273.0	0.0388
272.0	0.0402
271.0	0.0419
270.0	0.0437
269.0	0.0453
268.0	0.0474
267.0	0.0496
266.0	0.0520
265.0	0.0541
264.0	0.0564
263.0	0.0587
262.0	0.0613
261.0	0.0641
260.0	0.0674
259.0	0.0713
258.0	0.0757
257.0	0.0809
256.0	0.0873
255.0	0.0954
254.0	0.1059
253.0	0.1189
252.0	0.1357
251.0	0.1571
250.0	0.1850
249.0	0.2211
248.0	0.2679
247.0	0.3295
246.0	0.4096
245.0	0.5134
244.0	0.6486
243.0	0.8262
242.0	1.0560
241.0	1.3429
240.0	1.6882
239.0	2.0706
238.0	2.4089
237.0	2.6198
236.0	2.6576
235.0	2.6576
234.0	2.6576
233.0	2.6576
232.0	2.6990
231.0	2.6990
230.0	2.6990
229.0	2.6576
228.0	2.6576
227.0	2.6576
226.0	2.6576
225.0	2.6576
224.0	2.6576
223.0	2.6198
222.0	2.6198
221.0	2.6198
220.0	2.5686
219.0	2.5686
218.0	2.5686
217.0	2.5686
216.0	2.5376
215.0	2.5376
214.0	2.4949
213.0	2.4949
212.0	2.4685
211.0	2.4318
210.0	2.3768
209.0	2.3565
208.0	2.3372
207.0	2.2924
206.0	2.2518
205.0	2.1805
204.0	2.1367
203.0	2.0809
202.0	2.0223
201.0	1.9706
200.0	1.9393
