600.0	0.0012
599.0	0.0012
598.0	0.0012
597.0	0.0013
596.0	0.0015
595.0	0.0015
594.0	0.0015
593.0	0.0015
592.0	0.0015
591.0	0.0015
590.0	0.0015
589.0	0.0015
588.0	0.0015
587.0	0.0015
586.0	0.0015
585.0	0.0015
584.0	0.0015
583.0	0.0015
582.0	0.0017
581.0	0.0018
580.0	0.0019
579.0	0.0019
578.0	0.0019
577.0	0.0020
576.0	0.0020
575.0	0.0020
574.0	0.0020
573.0	0.0020
572.0	0.0020
571.0	0.0020
570.0	0.0020
569.0	0.0020
568.0	0.0021
567.0	0.0024
566.0	0.0024
565.0	0.0026
564.0	0.0026
563.0	0.0027
562.0	0.0029
561.0	0.0030
560.0	0.0032
559.0	0.0033
558.0	0.0035
557.0	0.0035
556.0	0.0036
555.0	0.0038
554.0	0.0043
553.0	0.0047
552.0	0.0051
551.0	0.0055
550.0	0.0059
549.0	0.0064
548.0	0.0070
547.0	0.0078
546.0	0.0086
545.0	0.0094
544.0	0.0105
543.0	0.0116
542.0	0.0129
541.0	0.0144
540.0	0.0162
539.0	0.0182
538.0	0.0203
537.0	0.0225
536.0	0.0249
535.0	0.0272
534.0	0.0297
533.0	0.0324
532.0	0.0353
531.0	0.0384
530.0	0.0417
529.0	0.0447
528.0	0.0477
527.0	0.0503
526.0	0.0529
525.0	0.0556
524.0	0.0581
523.0	0.0604
522.0	0.0625
521.0	0.0644
520.0	0.0662
519.0	0.0678
518.0	0.0691
517.0	0.0699
516.0	0.0708
515.0	0.0716
514.0	0.0720
513.0	0.0723
512.0	0.0723
511.0	0.0722
510.0	0.0717
509.0	0.0711
508.0	0.0706
507.0	0.0699
506.0	0.0691
505.0	0.0680
504.0	0.0669
503.0	0.0658
502.0	0.0647
501.0	0.0636
500.0	0.0622
499.0	0.0609
498.0	0.0597
497.0	0.0586
496.0	0.0575
495.0	0.0563
494.0	0.0553
493.0	0.0545
492.0	0.0538
491.0	0.0532
490.0	0.0527
489.0	0.0522
488.0	0.0517
487.0	0.0514
486.0	0.0511
485.0	0.0510
484.0	0.0510
483.0	0.0510
482.0	0.0508
481.0	0.0506
480.0	0.0503
479.0	0.0499
478.0	0.0496
477.0	0.0492
476.0	0.0488
475.0	0.0482
474.0	0.0476
473.0	0.0468
472.0	0.0458
471.0	0.0447
470.0	0.0436
469.0	0.0424
468.0	0.0411
467.0	0.0397
466.0	0.0384
465.0	0.0371
464.0	0.0356
463.0	0.0340
462.0	0.0326
461.0	0.0311
460.0	0.0296
459.0	0.0283
458.0	0.0269
457.0	0.0255
456.0	0.0243
455.0	0.0233
454.0	0.0222
453.0	0.0211
452.0	0.0200
451.0	0.0190
450.0	0.0179
449.0	0.0167
448.0	0.0159
447.0	0.0150
446.0	0.0141
445.0	0.0135
444.0	0.0126
443.0	0.0117
442.0	0.0109
441.0	0.0102
440.0	0.0097
439.0	0.0091
438.0	0.0085
437.0	0.0079
436.0	0.0075
435.0	0.0068
434.0	0.0064
433.0	0.0061
432.0	0.0056
431.0	0.0052
430.0	0.0049
429.0	0.0046
428.0	0.0044
427.0	0.0041
426.0	0.0037
425.0	0.0035
424.0	0.0033
423.0	0.0032
422.0	0.0031
421.0	0.0027
420.0	0.0026
419.0	0.0024
418.0	0.0022
417.0	0.0020
416.0	0.0020
415.0	0.0020
414.0	0.0020
413.0	0.0020
412.0	0.0018
411.0	0.0017
410.0	0.0017
409.0	0.0017
408.0	0.0017
407.0	0.0017
406.0	0.0017
405.0	0.0017
404.0	0.0018
403.0	0.0019
402.0	0.0018
401.0	0.0017
400.0	0.0018
399.0	0.0020
398.0	0.0020
397.0	0.0020
396.0	0.0020
395.0	0.0020
394.0	0.0020
393.0	0.0020
392.0	0.0020
391.0	0.0020
390.0	0.0021
389.0	0.0022
388.0	0.0022
387.0	0.0024
386.0	0.0024
385.0	0.0024
384.0	0.0024
383.0	0.0026
382.0	0.0026
381.0	0.0027
380.0	0.0029
379.0	0.0027
378.0	0.0027
377.0	0.0029
376.0	0.0029
375.0	0.0029
374.0	0.0029
373.0	0.0031
372.0	0.0037
371.0	0.0039
370.0	0.0037
369.0	0.0035
368.0	0.0034
367.0	0.0034
366.0	0.0034
365.0	0.0032
364.0	0.0029
363.0	0.0027
362.0	0.0027
361.0	0.0024
360.0	0.0024
359.0	0.0022
358.0	0.0024
357.0	0.0024
356.0	0.0024
355.0	0.0027
354.0	0.0027
353.0	0.0027
352.0	0.0024
351.0	0.0024
350.0	0.0026
349.0	0.0026
348.0	0.0027
347.0	0.0029
346.0	0.0032
345.0	0.0033
344.0	0.0035
343.0	0.0036
342.0	0.0037
341.0	0.0041
340.0	0.0046
339.0	0.0050
338.0	0.0055
337.0	0.0059
336.0	0.0063
335.0	0.0065
334.0	0.0068
333.0	0.0075
332.0	0.0079
331.0	0.0083
330.0	0.0091
329.0	0.0094
328.0	0.0097
327.0	0.0100
326.0	0.0102
325.0	0.0102
324.0	0.0100
323.0	0.0100
322.0	0.0102
321.0	0.0102
320.0	0.0103
319.0	0.0104
318.0	0.0104
317.0	0.0105
316.0	0.0107
315.0	0.0109
314.0	0.0113
313.0	0.0118
312.0	0.0122
311.0	0.0128
310.0	0.0137
309.0	0.0143
308.0	0.0148
307.0	0.0153
306.0	0.0160
305.0	0.0166
304.0	0.0170
303.0	0.0173
302.0	0.0174
301.0	0.0176
300.0	0.0180
299.0	0.0180
298.0	0.0181
297.0	0.0182
296.0	0.0184
295.0	0.0187
294.0	0.0189
293.0	0.0186
292.0	0.0186
291.0	0.0189
290.0	0.0189
289.0	0.0190
288.0	0.0191
287.0	0.0191
286.0	0.0192
285.0	0.0195
284.0	0.0199
283.0	0.0202
282.0	0.0205
281.0	0.0210
280.0	0.0215
279.0	0.0222
278.0	0.0229
277.0	0.0235
276.0	0.0243
275.0	0.0251
274.0	0.0259
273.0	0.0267
272.0	0.0276
271.0	0.0285
270.0	0.0296
269.0	0.0308
268.0	0.0318
267.0	0.0329
266.0	0.0340
265.0	0.0353
264.0	0.0366
263.0	0.0380
262.0	0.0395
261.0	0.0413
260.0	0.0434
259.0	0.0461
258.0	0.0495
257.0	0.0538
256.0	0.0591
255.0	0.0660
254.0	0.0748
253.0	0.0863
252.0	0.1014
251.0	0.1210
250.0	0.1472
249.0	0.1816
248.0	0.2273
247.0	0.2881
246.0	0.3678
245.0	0.4721
244.0	0.6089
243.0	0.7889
242.0	1.0200
241.0	1.3134
240.0	1.6676
239.0	2.0555
238.0	2.4089
237.0	2.6576
236.0	2.6990
235.0	2.6990
234.0	2.6990
233.0	2.6990
232.0	2.6990
231.0	2.6990
230.0	2.6990
229.0	2.6990
228.0	2.6576
227.0	2.6576
226.0	2.6576
225.0	2.6576
224.0	2.6576
223.0	2.6198
222.0	2.6198
221.0	2.6198
220.0	2.5686
219.0	2.5686
218.0	2.5686
217.0	2.5376
216.0	2.5376
215.0	2.4949
214.0	2.4685
213.0	2.4318
212.0	2.4089
211.0	2.3768
210.0	2.3565
209.0	2.3372
208.0	2.2924
207.0	2.2518
206.0	2.2147
205.0	2.1675
204.0	2.1079
203.0	2.0555
202.0	2.0000
201.0	1.9393
200.0	1.8962
