600.0	0.0029
599.0	0.0032
598.0	0.0032
597.0	0.0030
596.0	0.0029
595.0	0.0029
594.0	0.0029
593.0	0.0029
592.0	0.0029
591.0	0.0029
590.0	0.0029
589.0	0.0029
588.0	0.0029
587.0	0.0027
586.0	0.0026
585.0	0.0026
584.0	0.0027
583.0	0.0029
582.0	0.0029
581.0	0.0029
580.0	0.0031
579.0	0.0034
578.0	0.0035
577.0	0.0035
576.0	0.0036
575.0	0.0037
574.0	0.0038
573.0	0.0041
572.0	0.0044
571.0	0.0047
570.0	0.0049
569.0	0.0051
568.0	0.0056
567.0	0.0061
566.0	0.0066
565.0	0.0073
564.0	0.0079
563.0	0.0088
562.0	0.0099
561.0	0.0112
560.0	0.0128
559.0	0.0147
558.0	0.0166
557.0	0.0191
556.0	0.0220
555.0	0.0251
554.0	0.0285
553.0	0.0326
552.0	0.0374
551.0	0.0430
550.0	0.0492
549.0	0.0561
548.0	0.0638
547.0	0.0722
546.0	0.0811
545.0	0.0906
544.0	0.1007
543.0	0.1114
542.0	0.1227
541.0	0.1342
540.0	0.1458
539.0	0.1571
538.0	0.1680
537.0	0.1784
536.0	0.1885
535.0	0.1974
534.0	0.2053
533.0	0.2118
532.0	0.2170
531.0	0.2211
530.0	0.2235
529.0	0.2242
528.0	0.2234
527.0	0.2211
526.0	0.2175
525.0	0.2129
524.0	0.2073
523.0	0.2009
522.0	0.1938
521.0	0.1858
520.0	0.1780
519.0	0.1701
518.0	0.1621
517.0	0.1542
516.0	0.1467
515.0	0.1392
514.0	0.1318
513.0	0.1248
512.0	0.1188
511.0	0.1129
510.0	0.1073
509.0	0.1022
508.0	0.0978
507.0	0.0941
506.0	0.0908
505.0	0.0878
504.0	0.0852
503.0	0.0831
502.0	0.0814
501.0	0.0799
500.0	0.0785
499.0	0.0771
498.0	0.0759
497.0	0.0748
496.0	0.0734
495.0	0.0720
494.0	0.0706
493.0	0.0691
492.0	0.0671
491.0	0.0652
490.0	0.0631
489.0	0.0608
488.0	0.0583
487.0	0.0561
486.0	0.0535
485.0	0.0508
484.0	0.0483
483.0	0.0458
482.0	0.0434
481.0	0.0410
480.0	0.0387
479.0	0.0364
478.0	0.0343
477.0	0.0324
476.0	0.0308
475.0	0.0291
474.0	0.0276
473.0	0.0262
472.0	0.0250
471.0	0.0237
470.0	0.0225
469.0	0.0214
468.0	0.0205
467.0	0.0197
466.0	0.0191
465.0	0.0183
464.0	0.0176
463.0	0.0169
462.0	0.0162
461.0	0.0156
460.0	0.0150
459.0	0.0143
458.0	0.0139
457.0	0.0134
456.0	0.0128
455.0	0.0122
454.0	0.0117
453.0	0.0112
452.0	0.0107
451.0	0.0102
450.0	0.0097
449.0	0.0093
448.0	0.0088
447.0	0.0085
446.0	0.0082
445.0	0.0079
444.0	0.0076
443.0	0.0072
442.0	0.0067
441.0	0.0066
440.0	0.0065
439.0	0.0064
438.0	0.0063
437.0	0.0060
436.0	0.0058
435.0	0.0056
434.0	0.0056
433.0	0.0056
432.0	0.0056
431.0	0.0055
430.0	0.0051
429.0	0.0049
428.0	0.0049
427.0	0.0049
426.0	0.0049
425.0	0.0049
424.0	0.0049
423.0	0.0049
422.0	0.0049
421.0	0.0049
420.0	0.0049
419.0	0.0049
418.0	0.0050
417.0	0.0051
416.0	0.0050
415.0	0.0050
414.0	0.0052
413.0	0.0053
412.0	0.0055
411.0	0.0055
410.0	0.0055
409.0	0.0055
408.0	0.0056
407.0	0.0056
406.0	0.0056
405.0	0.0056
404.0	0.0056
403.0	0.0056
402.0	0.0058
401.0	0.0058
400.0	0.0058
399.0	0.0059
398.0	0.0061
397.0	0.0061
396.0	0.0062
395.0	0.0063
394.0	0.0062
393.0	0.0062
392.0	0.0064
391.0	0.0064
390.0	0.0064
389.0	0.0064
388.0	0.0064
387.0	0.0064
386.0	0.0064
385.0	0.0064
384.0	0.0064
383.0	0.0062
382.0	0.0061
381.0	0.0031
380.0	-0.0023
379.0	-0.0046
378.0	-0.0039
377.0	-0.0033
376.0	-0.0035
375.0	-0.0040
374.0	-0.0042
373.0	-0.0039
372.0	-0.0035
371.0	-0.0012
370.0	0.0038
369.0	0.0066
368.0	0.0067
367.0	0.0070
366.0	0.0072
365.0	0.0076
364.0	0.0080
363.0	0.0086
362.0	0.0093
361.0	0.0102
360.0	0.0110
359.0	0.0118
358.0	0.0128
357.0	0.0138
356.0	0.0150
355.0	0.0164
354.0	0.0181
353.0	0.0199
352.0	0.0214
351.0	0.0226
350.0	0.0237
349.0	0.0245
348.0	0.0250
347.0	0.0251
346.0	0.0248
345.0	0.0240
344.0	0.0229
343.0	0.0215
342.0	0.0203
341.0	0.0192
340.0	0.0181
339.0	0.0172
338.0	0.0164
337.0	0.0157
336.0	0.0152
335.0	0.0149
334.0	0.0147
333.0	0.0143
332.0	0.0141
331.0	0.0137
330.0	0.0129
329.0	0.0125
328.0	0.0122
327.0	0.0118
326.0	0.0114
325.0	0.0109
324.0	0.0105
323.0	0.0101
322.0	0.0095
321.0	0.0093
320.0	0.0094
319.0	0.0095
318.0	0.0094
317.0	0.0095
316.0	0.0100
315.0	0.0104
314.0	0.0109
313.0	0.0112
312.0	0.0118
311.0	0.0126
310.0	0.0135
309.0	0.0142
308.0	0.0153
307.0	0.0167
306.0	0.0181
305.0	0.0195
304.0	0.0211
303.0	0.0227
302.0	0.0244
301.0	0.0261
300.0	0.0276
299.0	0.0290
298.0	0.0302
297.0	0.0312
296.0	0.0321
295.0	0.0328
294.0	0.0334
293.0	0.0339
292.0	0.0340
291.0	0.0344
290.0	0.0348
289.0	0.0351
288.0	0.0356
287.0	0.0363
286.0	0.0369
285.0	0.0378
284.0	0.0383
283.0	0.0389
282.0	0.0395
281.0	0.0401
280.0	0.0405
279.0	0.0409
278.0	0.0411
277.0	0.0411
276.0	0.0411
275.0	0.0411
274.0	0.0409
273.0	0.0407
272.0	0.0401
271.0	0.0394
270.0	0.0383
269.0	0.0373
268.0	0.0365
267.0	0.0358
266.0	0.0353
265.0	0.0351
264.0	0.0351
263.0	0.0355
262.0	0.0364
261.0	0.0380
260.0	0.0402
259.0	0.0431
258.0	0.0472
257.0	0.0527
256.0	0.0596
255.0	0.0679
254.0	0.0777
253.0	0.0889
252.0	0.1012
251.0	0.1139
250.0	0.1268
249.0	0.1399
248.0	0.1540
247.0	0.1708
246.0	0.1923
245.0	0.2205
244.0	0.2590
243.0	0.3122
242.0	0.3845
241.0	0.4814
240.0	0.6098
239.0	0.7768
238.0	0.9901
237.0	1.2581
236.0	1.5867
235.0	1.9508
234.0	2.2924
233.0	2.4685
232.0	2.5376
231.0	2.5376
230.0	2.5376
229.0	2.5376
228.0	2.4949
227.0	2.4949
226.0	2.4685
225.0	2.4685
224.0	2.4685
223.0	2.4318
222.0	2.4089
221.0	2.3768
220.0	2.3565
219.0	2.3372
218.0	2.3098
217.0	2.2676
216.0	2.2291
215.0	2.1805
214.0	2.1367
213.0	2.0809
212.0	2.0458
211.0	1.9788
210.0	1.9031
209.0	1.8416
208.0	1.7423
207.0	1.6216
206.0	1.4921
205.0	1.3335
204.0	1.1367
203.0	0.9066
202.0	0.6558
201.0	0.4262
200.0	0.2864
