600.0	-0.0021
599.0	-0.0021
598.0	-0.0021
597.0	-0.0021
596.0	-0.0021
595.0	-0.0021
594.0	-0.0021
593.0	-0.0021
592.0	-0.0021
591.0	-0.0021
590.0	-0.0021
589.0	-0.0021
588.0	-0.0021
587.0	-0.0021
586.0	-0.0021
585.0	-0.0019
584.0	-0.0021
583.0	-0.0018
582.0	-0.0016
581.0	-0.0016
580.0	-0.0015
579.0	-0.0014
578.0	-0.0012
577.0	-0.0010
576.0	-0.0010
575.0	-0.0010
574.0	-0.0009
573.0	-0.0007
572.0	-0.0009
571.0	-0.0007
570.0	-0.0005
569.0	-0.0002
568.0	0.0003
567.0	0.0003
566.0	0.0005
565.0	0.0009
564.0	0.0010
563.0	0.0016
562.0	0.0022
561.0	0.0029
560.0	0.0034
559.0	0.0044
558.0	0.0053
557.0	0.0065
556.0	0.0079
555.0	0.0097
554.0	0.0114
553.0	0.0137
552.0	0.0164
551.0	0.0195
550.0	0.0231
549.0	0.0271
548.0	0.0314
547.0	0.0367
546.0	0.0423
545.0	0.0483
544.0	0.0552
543.0	0.0626
542.0	0.0708
541.0	0.0795
540.0	0.0890
539.0	0.0985
538.0	0.1086
537.0	0.1186
536.0	0.1288
535.0	0.1392
534.0	0.1495
533.0	0.1593
532.0	0.1686
531.0	0.1773
530.0	0.1854
529.0	0.1923
528.0	0.1976
527.0	0.2019
526.0	0.2048
525.0	0.2063
524.0	0.2063
523.0	0.2050
522.0	0.2022
521.0	0.1989
520.0	0.1941
519.0	0.1885
518.0	0.1824
517.0	0.1757
516.0	0.1688
515.0	0.1612
514.0	0.1536
513.0	0.1461
512.0	0.1382
511.0	0.1304
510.0	0.1231
509.0	0.1163
508.0	0.1101
507.0	0.1042
506.0	0.0988
505.0	0.0940
504.0	0.0899
503.0	0.0859
502.0	0.0827
501.0	0.0797
500.0	0.0771
499.0	0.0749
498.0	0.0731
497.0	0.0711
496.0	0.0699
495.0	0.0685
494.0	0.0673
493.0	0.0660
492.0	0.0646
491.0	0.0631
490.0	0.0618
489.0	0.0601
488.0	0.0582
487.0	0.0564
486.0	0.0541
485.0	0.0521
484.0	0.0496
483.0	0.0474
482.0	0.0448
481.0	0.0425
480.0	0.0402
479.0	0.0379
478.0	0.0355
477.0	0.0332
476.0	0.0310
475.0	0.0290
474.0	0.0270
473.0	0.0253
472.0	0.0237
471.0	0.0217
470.0	0.0203
469.0	0.0190
468.0	0.0179
467.0	0.0166
466.0	0.0156
465.0	0.0146
464.0	0.0138
463.0	0.0129
462.0	0.0122
461.0	0.0117
460.0	0.0110
459.0	0.0105
458.0	0.0100
457.0	0.0094
456.0	0.0090
455.0	0.0085
454.0	0.0079
453.0	0.0074
452.0	0.0070
451.0	0.0064
450.0	0.0059
449.0	0.0056
448.0	0.0050
447.0	0.0046
446.0	0.0039
445.0	0.0038
444.0	0.0035
443.0	0.0031
442.0	0.0030
441.0	0.0027
440.0	0.0021
439.0	0.0020
438.0	0.0020
437.0	0.0017
436.0	0.0017
435.0	0.0015
434.0	0.0015
433.0	0.0012
432.0	0.0012
431.0	0.0012
430.0	0.0012
429.0	0.0009
428.0	0.0007
427.0	0.0009
426.0	0.0009
425.0	0.0005
424.0	0.0007
423.0	0.0007
422.0	0.0009
421.0	0.0009
420.0	0.0005
419.0	0.0009
418.0	0.0009
417.0	0.0009
416.0	0.0009
415.0	0.0012
414.0	0.0012
413.0	0.0012
412.0	0.0012
411.0	0.0012
410.0	0.0015
409.0	0.0016
408.0	0.0015
407.0	0.0017
406.0	0.0017
405.0	0.0020
404.0	0.0020
403.0	0.0020
402.0	0.0020
401.0	0.0020
400.0	0.0020
399.0	0.0020
398.0	0.0020
397.0	0.0024
396.0	0.0026
395.0	0.0026
394.0	0.0027
393.0	0.0026
392.0	0.0027
391.0	0.0029
390.0	0.0031
389.0	0.0029
388.0	0.0029
387.0	0.0032
386.0	0.0032
385.0	0.0032
384.0	0.0029
383.0	0.0031
382.0	0.0032
381.0	0.0033
380.0	-0.0003
379.0	-0.0027
378.0	-0.0021
377.0	-0.0027
376.0	-0.0029
375.0	-0.0029
374.0	-0.0026
373.0	-0.0026
372.0	-0.0033
371.0	-0.0029
370.0	0.0052
369.0	0.0077
368.0	0.0076
367.0	0.0077
366.0	0.0079
365.0	0.0079
364.0	0.0083
363.0	0.0091
362.0	0.0097
361.0	0.0102
360.0	0.0112
359.0	0.0122
358.0	0.0127
357.0	0.0137
356.0	0.0149
355.0	0.0163
354.0	0.0174
353.0	0.0192
352.0	0.0210
351.0	0.0227
350.0	0.0240
349.0	0.0254
348.0	0.0262
347.0	0.0265
346.0	0.0267
345.0	0.0265
344.0	0.0255
343.0	0.0245
342.0	0.0237
341.0	0.0221
340.0	0.0206
339.0	0.0197
338.0	0.0189
337.0	0.0181
336.0	0.0174
335.0	0.0171
334.0	0.0166
333.0	0.0166
332.0	0.0163
331.0	0.0156
330.0	0.0154
329.0	0.0149
328.0	0.0146
327.0	0.0140
326.0	0.0135
325.0	0.0129
324.0	0.0125
323.0	0.0122
322.0	0.0120
321.0	0.0118
320.0	0.0117
319.0	0.0118
318.0	0.0119
317.0	0.0119
316.0	0.0122
315.0	0.0126
314.0	0.0129
313.0	0.0138
312.0	0.0139
311.0	0.0144
310.0	0.0152
309.0	0.0162
308.0	0.0175
307.0	0.0185
306.0	0.0200
305.0	0.0213
304.0	0.0226
303.0	0.0239
302.0	0.0252
301.0	0.0269
300.0	0.0285
299.0	0.0300
298.0	0.0312
297.0	0.0322
296.0	0.0334
295.0	0.0342
294.0	0.0350
293.0	0.0352
292.0	0.0356
291.0	0.0358
290.0	0.0361
289.0	0.0365
288.0	0.0368
287.0	0.0374
286.0	0.0382
285.0	0.0386
284.0	0.0391
283.0	0.0397
282.0	0.0405
281.0	0.0411
280.0	0.0415
279.0	0.0419
278.0	0.0423
277.0	0.0425
276.0	0.0427
275.0	0.0429
274.0	0.0429
273.0	0.0429
272.0	0.0426
271.0	0.0423
270.0	0.0417
269.0	0.0411
268.0	0.0404
267.0	0.0398
266.0	0.0396
265.0	0.0396
264.0	0.0396
263.0	0.0402
262.0	0.0416
261.0	0.0434
260.0	0.0457
259.0	0.0493
258.0	0.0541
257.0	0.0604
256.0	0.0683
255.0	0.0788
254.0	0.0922
253.0	0.1089
252.0	0.1297
251.0	0.1549
250.0	0.1852
249.0	0.2226
248.0	0.2686
247.0	0.3274
246.0	0.4045
245.0	0.5065
244.0	0.6438
243.0	0.8256
242.0	1.0620
241.0	1.3665
240.0	1.7375
239.0	2.1367
238.0	2.4949
237.0	2.6576
236.0	2.6990
235.0	2.6990
234.0	2.7696
233.0	2.7696
232.0	2.6990
231.0	2.6990
230.0	2.6990
229.0	2.6990
228.0	2.6990
227.0	2.6990
226.0	2.6990
225.0	2.6990
224.0	2.6576
223.0	2.6576
222.0	2.6576
221.0	2.6198
220.0	2.6576
219.0	2.6198
218.0	2.6198
217.0	2.5686
216.0	2.5686
215.0	2.5376
214.0	2.5376
213.0	2.5376
212.0	2.4949
211.0	2.4685
210.0	2.4318
209.0	2.4089
208.0	2.3768
207.0	2.3372
206.0	2.3098
205.0	2.2676
204.0	2.2147
203.0	2.1805
202.0	2.1367
201.0	2.0915
200.0	2.0555
