600.0	0.0020
599.0	0.0020
598.0	0.0020
597.0	0.0020
596.0	0.0020
595.0	0.0020
594.0	0.0020
593.0	0.0020
592.0	0.0022
591.0	0.0024
590.0	0.0026
589.0	0.0027
588.0	0.0029
587.0	0.0030
586.0	0.0032
585.0	0.0035
584.0	0.0038
583.0	0.0044
582.0	0.0050
581.0	0.0056
580.0	0.0063
579.0	0.0073
578.0	0.0082
577.0	0.0093
576.0	0.0106
575.0	0.0120
574.0	0.0138
573.0	0.0157
572.0	0.0181
571.0	0.0209
570.0	0.0239
569.0	0.0271
568.0	0.0310
567.0	0.0352
566.0	0.0400
565.0	0.0451
564.0	0.0508
563.0	0.0569
562.0	0.0635
561.0	0.0705
560.0	0.0779
559.0	0.0859
558.0	0.0940
557.0	0.1019
556.0	0.1102
555.0	0.1185
554.0	0.1268
553.0	0.1350
552.0	0.1430
551.0	0.1504
550.0	0.1574
549.0	0.1638
548.0	0.1694
547.0	0.1743
546.0	0.1780
545.0	0.1805
544.0	0.1824
543.0	0.1834
542.0	0.1832
541.0	0.1820
540.0	0.1801
539.0	0.1772
538.0	0.1737
537.0	0.1695
536.0	0.1651
535.0	0.1601
534.0	0.1547
533.0	0.1487
532.0	0.1425
531.0	0.1361
530.0	0.1298
529.0	0.1237
528.0	0.1176
527.0	0.1117
526.0	0.1062
525.0	0.1013
524.0	0.0967
523.0	0.0925
522.0	0.0884
521.0	0.0845
520.0	0.0813
519.0	0.0785
518.0	0.0758
517.0	0.0736
516.0	0.0716
515.0	0.0697
514.0	0.0679
513.0	0.0664
512.0	0.0652
511.0	0.0640
510.0	0.0625
509.0	0.0611
508.0	0.0598
507.0	0.0583
506.0	0.0571
505.0	0.0557
504.0	0.0541
503.0	0.0526
502.0	0.0510
501.0	0.0493
500.0	0.0474
499.0	0.0456
498.0	0.0437
497.0	0.0418
496.0	0.0398
495.0	0.0379
494.0	0.0361
493.0	0.0342
492.0	0.0324
491.0	0.0305
490.0	0.0287
489.0	0.0271
488.0	0.0258
487.0	0.0243
486.0	0.0230
485.0	0.0219
484.0	0.0207
483.0	0.0196
482.0	0.0186
481.0	0.0179
480.0	0.0171
479.0	0.0164
478.0	0.0157
477.0	0.0152
476.0	0.0147
475.0	0.0141
474.0	0.0137
473.0	0.0132
472.0	0.0127
471.0	0.0122
470.0	0.0117
469.0	0.0112
468.0	0.0109
467.0	0.0104
466.0	0.0100
465.0	0.0097
464.0	0.0092
463.0	0.0087
462.0	0.0082
461.0	0.0079
460.0	0.0076
459.0	0.0073
458.0	0.0070
457.0	0.0067
456.0	0.0065
455.0	0.0064
454.0	0.0061
453.0	0.0059
452.0	0.0058
451.0	0.0056
450.0	0.0052
449.0	0.0050
448.0	0.0049
447.0	0.0049
446.0	0.0049
445.0	0.0049
444.0	0.0049
443.0	0.0047
442.0	0.0046
441.0	0.0046
440.0	0.0046
439.0	0.0046
438.0	0.0046
437.0	0.0046
436.0	0.0046
435.0	0.0047
434.0	0.0049
433.0	0.0049
432.0	0.0050
431.0	0.0052
430.0	0.0053
429.0	0.0056
428.0	0.0056
427.0	0.0059
426.0	0.0061
425.0	0.0062
424.0	0.0064
423.0	0.0065
422.0	0.0067
421.0	0.0070
420.0	0.0070
419.0	0.0073
418.0	0.0074
417.0	0.0076
416.0	0.0076
415.0	0.0077
414.0	0.0078
413.0	0.0078
412.0	0.0078
411.0	0.0078
410.0	0.0078
409.0	0.0079
408.0	0.0080
407.0	0.0079
406.0	0.0078
405.0	0.0079
404.0	0.0082
403.0	0.0082
402.0	0.0083
401.0	0.0082
400.0	0.0082
399.0	0.0082
398.0	0.0085
397.0	0.0085
396.0	0.0085
395.0	0.0085
394.0	0.0085
393.0	0.0083
392.0	0.0083
391.0	0.0082
390.0	0.0082
389.0	0.0083
388.0	0.0082
387.0	0.0079
386.0	0.0078
385.0	0.0078
384.0	0.0078
383.0	0.0078
382.0	0.0078
381.0	0.0055
380.0	0.0010
379.0	-0.0013
378.0	-0.0013
377.0	-0.0007
376.0	-0.0003
375.0	-0.0003
374.0	-0.0003
373.0	0.0000
372.0	0.0002
371.0	0.0027
370.0	0.0078
369.0	0.0107
368.0	0.0115
367.0	0.0122
366.0	0.0130
365.0	0.0140
364.0	0.0150
363.0	0.0159
362.0	0.0167
361.0	0.0176
360.0	0.0184
359.0	0.0192
358.0	0.0195
357.0	0.0196
356.0	0.0196
355.0	0.0196
354.0	0.0196
353.0	0.0195
352.0	0.0192
351.0	0.0185
350.0	0.0176
349.0	0.0167
348.0	0.0160
347.0	0.0156
346.0	0.0150
345.0	0.0146
344.0	0.0141
343.0	0.0138
342.0	0.0135
341.0	0.0129
340.0	0.0125
339.0	0.0122
338.0	0.0120
337.0	0.0116
336.0	0.0110
335.0	0.0107
334.0	0.0104
333.0	0.0099
332.0	0.0097
331.0	0.0094
330.0	0.0093
329.0	0.0093
328.0	0.0093
327.0	0.0095
326.0	0.0101
325.0	0.0105
324.0	0.0109
323.0	0.0113
322.0	0.0116
321.0	0.0122
320.0	0.0129
319.0	0.0139
318.0	0.0150
317.0	0.0164
316.0	0.0181
315.0	0.0197
314.0	0.0216
313.0	0.0235
312.0	0.0257
311.0	0.0278
310.0	0.0296
309.0	0.0311
308.0	0.0324
307.0	0.0332
306.0	0.0337
305.0	0.0337
304.0	0.0337
303.0	0.0334
302.0	0.0329
301.0	0.0326
300.0	0.0324
299.0	0.0321
298.0	0.0318
297.0	0.0314
296.0	0.0312
295.0	0.0310
294.0	0.0308
293.0	0.0306
292.0	0.0305
291.0	0.0304
290.0	0.0305
289.0	0.0308
288.0	0.0309
287.0	0.0311
286.0	0.0314
285.0	0.0319
284.0	0.0324
283.0	0.0329
282.0	0.0337
281.0	0.0344
280.0	0.0352
279.0	0.0359
278.0	0.0364
277.0	0.0368
276.0	0.0372
275.0	0.0375
274.0	0.0379
273.0	0.0381
272.0	0.0384
271.0	0.0389
270.0	0.0397
269.0	0.0408
268.0	0.0425
267.0	0.0448
266.0	0.0477
265.0	0.0511
264.0	0.0547
263.0	0.0586
262.0	0.0625
261.0	0.0661
260.0	0.0689
259.0	0.0710
258.0	0.0729
257.0	0.0744
256.0	0.0758
255.0	0.0774
254.0	0.0799
253.0	0.0827
252.0	0.0864
251.0	0.0911
250.0	0.0971
249.0	0.1055
248.0	0.1167
247.0	0.1322
246.0	0.1538
245.0	0.1839
244.0	0.2250
243.0	0.2813
242.0	0.3573
241.0	0.4583
240.0	0.5913
239.0	0.7622
238.0	0.9788
237.0	1.2503
236.0	1.5834
235.0	1.9586
234.0	2.3098
233.0	2.5376
232.0	2.6576
231.0	2.6576
230.0	2.6198
229.0	2.6198
228.0	2.5686
227.0	2.5686
226.0	2.5376
225.0	2.5376
224.0	2.4949
223.0	2.4685
222.0	2.4318
221.0	2.4089
220.0	2.3768
219.0	2.3565
218.0	2.3372
217.0	2.3098
216.0	2.2676
215.0	2.2291
214.0	2.1805
213.0	2.1367
212.0	2.0915
211.0	2.0315
210.0	1.9586
209.0	1.8729
208.0	1.7799
207.0	1.6819
206.0	1.5482
205.0	1.3716
204.0	1.1733
203.0	0.9496
202.0	0.7049
201.0	0.4778
200.0	0.3389
