600.0	0.0024
599.0	0.0026
598.0	0.0026
597.0	0.0026
596.0	0.0026
595.0	0.0026
594.0	0.0026
593.0	0.0026
592.0	0.0026
591.0	0.0026
590.0	0.0027
589.0	0.0029
588.0	0.0029
587.0	0.0029
586.0	0.0029
585.0	0.0030
584.0	0.0032
583.0	0.0033
582.0	0.0035
581.0	0.0035
580.0	0.0036
579.0	0.0038
578.0	0.0041
577.0	0.0044
576.0	0.0047
575.0	0.0049
574.0	0.0050
573.0	0.0052
572.0	0.0056
571.0	0.0061
570.0	0.0065
569.0	0.0070
568.0	0.0075
567.0	0.0079
566.0	0.0085
565.0	0.0090
564.0	0.0095
563.0	0.0102
562.0	0.0109
561.0	0.0117
560.0	0.0126
559.0	0.0135
558.0	0.0141
557.0	0.0150
556.0	0.0157
555.0	0.0166
554.0	0.0176
553.0	0.0185
552.0	0.0195
551.0	0.0205
550.0	0.0215
549.0	0.0226
548.0	0.0237
547.0	0.0247
546.0	0.0255
545.0	0.0267
544.0	0.0278
543.0	0.0287
542.0	0.0297
541.0	0.0309
540.0	0.0319
539.0	0.0329
538.0	0.0339
537.0	0.0348
536.0	0.0359
535.0	0.0367
534.0	0.0374
533.0	0.0382
532.0	0.0388
531.0	0.0394
530.0	0.0397
529.0	0.0403
528.0	0.0409
527.0	0.0412
526.0	0.0415
525.0	0.0418
524.0	0.0421
523.0	0.0423
522.0	0.0426
521.0	0.0429
520.0	0.0430
519.0	0.0431
518.0	0.0434
517.0	0.0436
516.0	0.0437
515.0	0.0437
514.0	0.0437
513.0	0.0437
512.0	0.0437
511.0	0.0438
510.0	0.0439
509.0	0.0438
508.0	0.0437
507.0	0.0437
506.0	0.0437
505.0	0.0437
504.0	0.0434
503.0	0.0431
502.0	0.0426
501.0	0.0423
500.0	0.0419
499.0	0.0415
498.0	0.0411
497.0	0.0408
496.0	0.0402
495.0	0.0397
494.0	0.0394
493.0	0.0388
492.0	0.0383
491.0	0.0379
490.0	0.0374
489.0	0.0371
488.0	0.0366
487.0	0.0360
486.0	0.0357
485.0	0.0353
484.0	0.0350
483.0	0.0347
482.0	0.0343
481.0	0.0340
480.0	0.0339
479.0	0.0335
478.0	0.0332
477.0	0.0329
476.0	0.0326
475.0	0.0322
474.0	0.0318
473.0	0.0313
472.0	0.0310
471.0	0.0306
470.0	0.0302
469.0	0.0297
468.0	0.0291
467.0	0.0286
466.0	0.0280
465.0	0.0273
464.0	0.0267
463.0	0.0261
462.0	0.0254
461.0	0.0248
460.0	0.0240
459.0	0.0232
458.0	0.0225
457.0	0.0220
456.0	0.0214
455.0	0.0209
454.0	0.0203
453.0	0.0196
452.0	0.0193
451.0	0.0189
450.0	0.0183
449.0	0.0179
448.0	0.0173
447.0	0.0166
446.0	0.0162
445.0	0.0157
444.0	0.0152
443.0	0.0149
442.0	0.0143
441.0	0.0140
440.0	0.0137
439.0	0.0132
438.0	0.0127
437.0	0.0122
436.0	0.0115
435.0	0.0109
434.0	0.0104
433.0	0.0100
432.0	0.0095
431.0	0.0091
430.0	0.0086
429.0	0.0079
428.0	0.0076
427.0	0.0073
426.0	0.0067
425.0	0.0063
424.0	0.0059
423.0	0.0055
422.0	0.0051
421.0	0.0049
420.0	0.0046
419.0	0.0041
418.0	0.0038
417.0	0.0036
416.0	0.0035
415.0	0.0032
414.0	0.0027
413.0	0.0022
412.0	0.0020
411.0	0.0018
410.0	0.0015
409.0	0.0012
408.0	0.0010
407.0	0.0009
406.0	0.0007
405.0	0.0005
404.0	0.0003
403.0	0.0000
402.0	-0.0002
401.0	-0.0003
400.0	-0.0005
399.0	-0.0007
398.0	-0.0007
397.0	-0.0007
396.0	-0.0007
395.0	-0.0007
394.0	-0.0007
393.0	-0.0007
392.0	-0.0007
391.0	-0.0007
390.0	-0.0007
389.0	-0.0007
388.0	-0.0007
387.0	-0.0004
386.0	-0.0001
385.0	0.0002
384.0	0.0004
383.0	0.0005
382.0	0.0005
381.0	-0.0007
380.0	-0.0033
379.0	-0.0043
378.0	-0.0039
377.0	-0.0039
376.0	-0.0045
375.0	-0.0045
374.0	-0.0042
373.0	-0.0040
372.0	-0.0040
371.0	-0.0026
370.0	0.0003
369.0	0.0016
368.0	0.0013
367.0	0.0010
366.0	0.0009
365.0	0.0010
364.0	0.0010
363.0	0.0012
362.0	0.0012
361.0	0.0013
360.0	0.0015
359.0	0.0017
358.0	0.0016
357.0	0.0015
356.0	0.0015
355.0	0.0015
354.0	0.0015
353.0	0.0015
352.0	0.0015
351.0	0.0017
350.0	0.0018
349.0	0.0019
348.0	0.0018
347.0	0.0014
346.0	0.0012
345.0	0.0010
344.0	0.0007
343.0	0.0007
342.0	0.0007
341.0	0.0007
340.0	0.0005
339.0	0.0005
338.0	0.0005
337.0	0.0005
336.0	0.0005
335.0	0.0002
334.0	0.0000
333.0	0.0002
332.0	0.0003
331.0	0.0002
330.0	0.0003
329.0	0.0004
328.0	0.0005
327.0	0.0005
326.0	0.0005
325.0	0.0005
324.0	0.0007
323.0	0.0009
322.0	0.0012
321.0	0.0015
320.0	0.0019
319.0	0.0026
318.0	0.0032
317.0	0.0036
316.0	0.0041
315.0	0.0050
314.0	0.0061
313.0	0.0070
312.0	0.0078
311.0	0.0087
310.0	0.0095
309.0	0.0104
308.0	0.0112
307.0	0.0119
306.0	0.0127
305.0	0.0135
304.0	0.0141
303.0	0.0147
302.0	0.0154
301.0	0.0162
300.0	0.0167
299.0	0.0175
298.0	0.0183
297.0	0.0189
296.0	0.0196
295.0	0.0204
294.0	0.0210
293.0	0.0216
292.0	0.0226
291.0	0.0235
290.0	0.0243
289.0	0.0252
288.0	0.0261
287.0	0.0265
286.0	0.0269
285.0	0.0273
284.0	0.0277
283.0	0.0278
282.0	0.0278
281.0	0.0278
280.0	0.0276
279.0	0.0273
278.0	0.0272
277.0	0.0271
276.0	0.0269
275.0	0.0268
274.0	0.0265
273.0	0.0262
272.0	0.0259
271.0	0.0255
270.0	0.0253
269.0	0.0252
268.0	0.0252
267.0	0.0254
266.0	0.0259
265.0	0.0268
264.0	0.0279
263.0	0.0293
262.0	0.0310
261.0	0.0332
260.0	0.0358
259.0	0.0387
258.0	0.0418
257.0	0.0456
256.0	0.0499
255.0	0.0551
254.0	0.0608
253.0	0.0673
252.0	0.0750
251.0	0.0842
250.0	0.0953
249.0	0.1090
248.0	0.1258
247.0	0.1473
246.0	0.1752
245.0	0.2115
244.0	0.2594
243.0	0.3230
242.0	0.4074
241.0	0.5190
240.0	0.6635
239.0	0.8468
238.0	1.0773
237.0	1.3575
236.0	1.6778
235.0	2.0000
234.0	2.2291
233.0	2.2924
232.0	2.2518
231.0	2.1487
230.0	2.0088
229.0	1.8356
228.0	1.6345
227.0	1.3947
226.0	1.1238
225.0	0.8292
224.0	0.5390
223.0	0.3010
222.0	0.1433
221.0	0.0666
220.0	0.0426
219.0	0.0332
218.0	0.0242
217.0	0.0239
216.0	0.0286
215.0	0.0378
214.0	0.0472
213.0	0.0487
212.0	0.0514
211.0	0.0442
210.0	0.0265
209.0	0.0213
208.0	0.0336
207.0	0.0416
206.0	0.0201
205.0	-0.0042
204.0	-0.0042
203.0	0.0015
202.0	0.0052
201.0	0.0146
200.0	0.0235
