600.0	0.0004
599.0	0.0004
598.0	0.0003
597.0	0.0003
596.0	0.0003
595.0	0.0003
594.0	0.0003
593.0	0.0003
592.0	0.0003
591.0	0.0003
590.0	0.0003
589.0	0.0002
588.0	0.0002
587.0	0.0001
586.0	0.0000
585.0	0.0000
584.0	0.0001
583.0	0.0003
582.0	0.0003
581.0	0.0003
580.0	0.0002
579.0	0.0003
578.0	0.0004
577.0	0.0004
576.0	0.0004
575.0	0.0003
574.0	0.0003
573.0	0.0003
572.0	0.0003
571.0	0.0003
570.0	0.0003
569.0	0.0003
568.0	0.0003
567.0	0.0003
566.0	0.0003
565.0	0.0003
564.0	0.0003
563.0	0.0001
562.0	0.0000
561.0	0.0000
560.0	0.0001
559.0	0.0003
558.0	0.0003
557.0	0.0002
556.0	0.0003
555.0	0.0003
554.0	0.0003
553.0	0.0003
552.0	0.0001
551.0	0.0000
550.0	0.0000
549.0	0.0000
548.0	0.0001
547.0	0.0003
546.0	0.0003
545.0	0.0003
544.0	0.0003
543.0	0.0003
542.0	0.0003
541.0	0.0003
540.0	0.0003
539.0	0.0003
538.0	0.0003
537.0	0.0004
536.0	0.0005
535.0	0.0005
534.0	0.0005
533.0	0.0007
532.0	0.0009
531.0	0.0010
530.0	0.0013
529.0	0.0016
528.0	0.0018
527.0	0.0020
526.0	0.0024
525.0	0.0027
524.0	0.0034
523.0	0.0038
522.0	0.0044
521.0	0.0050
520.0	0.0058
519.0	0.0067
518.0	0.0078
517.0	0.0088
516.0	0.0099
515.0	0.0110
514.0	0.0122
513.0	0.0138
512.0	0.0153
511.0	0.0167
510.0	0.0182
509.0	0.0196
508.0	0.0211
507.0	0.0224
506.0	0.0237
505.0	0.0247
504.0	0.0255
503.0	0.0267
502.0	0.0276
501.0	0.0284
500.0	0.0290
499.0	0.0297
498.0	0.0304
497.0	0.0309
496.0	0.0313
495.0	0.0319
494.0	0.0324
493.0	0.0329
492.0	0.0334
491.0	0.0339
490.0	0.0343
489.0	0.0348
488.0	0.0352
487.0	0.0356
486.0	0.0358
485.0	0.0359
484.0	0.0361
483.0	0.0361
482.0	0.0361
481.0	0.0360
480.0	0.0358
479.0	0.0356
478.0	0.0353
477.0	0.0348
476.0	0.0344
475.0	0.0339
474.0	0.0334
473.0	0.0329
472.0	0.0325
471.0	0.0321
470.0	0.0317
469.0	0.0312
468.0	0.0309
467.0	0.0308
466.0	0.0308
465.0	0.0308
464.0	0.0308
463.0	0.0308
462.0	0.0308
461.0	0.0309
460.0	0.0311
459.0	0.0314
458.0	0.0319
457.0	0.0321
456.0	0.0322
455.0	0.0322
454.0	0.0322
453.0	0.0322
452.0	0.0322
451.0	0.0319
450.0	0.0313
449.0	0.0306
448.0	0.0300
447.0	0.0293
446.0	0.0285
445.0	0.0278
444.0	0.0269
443.0	0.0260
442.0	0.0251
441.0	0.0243
440.0	0.0237
439.0	0.0230
438.0	0.0222
437.0	0.0214
436.0	0.0209
435.0	0.0205
434.0	0.0201
433.0	0.0197
432.0	0.0195
431.0	0.0193
430.0	0.0190
429.0	0.0185
428.0	0.0183
427.0	0.0181
426.0	0.0179
425.0	0.0174
424.0	0.0169
423.0	0.0164
422.0	0.0161
421.0	0.0156
420.0	0.0148
419.0	0.0141
418.0	0.0136
417.0	0.0130
416.0	0.0124
415.0	0.0118
414.0	0.0114
413.0	0.0109
412.0	0.0104
411.0	0.0099
410.0	0.0093
409.0	0.0091
408.0	0.0089
407.0	0.0086
406.0	0.0082
405.0	0.0079
404.0	0.0078
403.0	0.0078
402.0	0.0076
401.0	0.0074
400.0	0.0072
399.0	0.0068
398.0	0.0066
397.0	0.0066
396.0	0.0065
395.0	0.0064
394.0	0.0061
393.0	0.0059
392.0	0.0058
391.0	0.0058
390.0	0.0058
389.0	0.0058
388.0	0.0058
387.0	0.0058
386.0	0.0058
385.0	0.0059
384.0	0.0061
383.0	0.0061
382.0	0.0061
381.0	0.0056
380.0	0.0048
379.0	0.0046
378.0	0.0048
377.0	0.0053
376.0	0.0055
375.0	0.0050
374.0	0.0047
373.0	0.0050
372.0	0.0056
371.0	0.0058
370.0	0.0062
369.0	0.0065
368.0	0.0065
367.0	0.0064
366.0	0.0063
365.0	0.0063
364.0	0.0062
363.0	0.0061
362.0	0.0061
361.0	0.0062
360.0	0.0064
359.0	0.0063
358.0	0.0061
357.0	0.0059
356.0	0.0056
355.0	0.0056
354.0	0.0056
353.0	0.0056
352.0	0.0056
351.0	0.0053
350.0	0.0052
349.0	0.0050
348.0	0.0049
347.0	0.0049
346.0	0.0049
345.0	0.0049
344.0	0.0049
343.0	0.0049
342.0	0.0049
341.0	0.0049
340.0	0.0050
339.0	0.0051
338.0	0.0051
337.0	0.0051
336.0	0.0052
335.0	0.0055
334.0	0.0056
333.0	0.0056
332.0	0.0058
331.0	0.0058
330.0	0.0056
329.0	0.0059
328.0	0.0063
327.0	0.0066
326.0	0.0070
325.0	0.0075
324.0	0.0077
323.0	0.0078
322.0	0.0077
321.0	0.0078
320.0	0.0078
319.0	0.0078
318.0	0.0078
317.0	0.0079
316.0	0.0082
315.0	0.0083
314.0	0.0082
313.0	0.0082
312.0	0.0083
311.0	0.0086
310.0	0.0087
309.0	0.0086
308.0	0.0086
307.0	0.0087
306.0	0.0088
305.0	0.0090
304.0	0.0091
303.0	0.0093
302.0	0.0093
301.0	0.0094
300.0	0.0097
299.0	0.0100
298.0	0.0103
297.0	0.0109
296.0	0.0113
295.0	0.0116
294.0	0.0122
293.0	0.0129
292.0	0.0139
291.0	0.0148
290.0	0.0157
289.0	0.0163
288.0	0.0170
287.0	0.0179
286.0	0.0187
285.0	0.0197
284.0	0.0210
283.0	0.0222
282.0	0.0234
281.0	0.0244
280.0	0.0253
279.0	0.0260
278.0	0.0263
277.0	0.0263
276.0	0.0263
275.0	0.0261
274.0	0.0257
273.0	0.0254
272.0	0.0252
271.0	0.0250
270.0	0.0245
269.0	0.0242
268.0	0.0240
267.0	0.0239
266.0	0.0237
265.0	0.0237
264.0	0.0240
263.0	0.0243
262.0	0.0248
261.0	0.0255
260.0	0.0268
259.0	0.0281
258.0	0.0298
257.0	0.0320
256.0	0.0344
255.0	0.0374
254.0	0.0410
253.0	0.0456
252.0	0.0515
251.0	0.0588
250.0	0.0683
249.0	0.0802
248.0	0.0957
247.0	0.1157
246.0	0.1419
245.0	0.1765
244.0	0.2226
243.0	0.2842
242.0	0.3666
241.0	0.4750
240.0	0.6158
239.0	0.7981
238.0	1.0292
237.0	1.3161
236.0	1.6635
235.0	2.0458
234.0	2.3768
233.0	2.5686
232.0	2.6198
231.0	2.6198
230.0	2.6198
229.0	2.6198
228.0	2.5686
227.0	2.5686
226.0	2.5376
225.0	2.5376
224.0	2.4949
223.0	2.4685
222.0	2.4318
221.0	2.4089
220.0	2.3768
219.0	2.3565
218.0	2.3372
217.0	2.2924
216.0	2.2518
215.0	2.2147
214.0	2.1675
213.0	2.1192
212.0	2.0555
211.0	2.0000
210.0	1.9318
209.0	1.8477
208.0	1.7620
207.0	1.6536
206.0	1.5157
205.0	1.3497
204.0	1.1574
203.0	0.9303
202.0	0.6770
201.0	0.4454
200.0	0.3064
